3212,221,1347929725
3212,3301,1347923714
3212,1801,1347714310
3212,1491,1347924000
3212,1483,1347923691
3212,1872,1347939690
1486,1783,1346181381
2382,3350,1346675417
2382,1783,1342925318
2159,349,1347911999
2159,2836,1347920733
2159,2715,1347148950
2159,1477,1346628343
1668,1783,1345924611
3296,1783,1342995462
1118,1783,1347834682
2166,1908,1347969366
2166,320,1347969700
1030,1783,1343012638
3244,2027,1347684357
1300,1783,1343650039
3285,1783,1347788558
3311,1783,1344749373
1960,3346,1343270154
1960,3593,1343262342
1689,1783,1345813457
1427,1783,1347918588
84,877,1347395797
2389,155,1343639228
2389,604,1346052425
3280,935,1345384919
1169,605,1346377872
1169,3185,1346377875
57,1783,1345453950
1291,1783,1347149457
1198,791,1347923118
1198,192,1347973170
1198,1756,1343186939
1198,1791,1346560166
1198,2590,1347913821
1198,1010,1343127742
1198,1785,1346560910
1198,2774,1345806791
1198,3384,1347841309
1198,1796,1347936405
1198,3201,1347713823
1198,280,1347943049
1198,2726,1347937167
1152,1783,1347916305
1029,1783,1347940050
2504,605,1345127518
3548,1121,1348018203
3548,1985,1348017238
1165,1783,1345589534
1324,1783,1343470960
1292,2303,1346138375
2276,1811,1347923581
2276,2327,1347921402
2276,3391,1347948887
2276,830,1347921371
2276,1843,1347920992
2276,2666,1347925287
2276,2719,1347921227
2276,602,1347923673
2276,3321,1347920945
2276,2760,1347923628
305,749,1347936496
305,1938,1347948189
305,451,1347936781
305,1488,1347948729
1994,2159,1347917956
1058,1783,1342980711
1379,1783,1347779807
1676,1783,1343120842
3234,2817,1346808371
2191,1783,1344049055
3552,1600,1347867974
461,2862,1345146244
461,1537,1345146304
3463,1783,1343722007
2835,1783,1343482466
1544,3384,1347682469
1544,1069,1347497493
1544,893,1347764221
1544,1701,1347682571
1482,1783,1347687146
987,1783,1344057938
452,2233,1345150772
452,3274,1345150723
2705,768,1343484400
951,2088,1347975380
122,1783,1347272759
3220,2782,1346544928
2570,260,1347878927
2535,1783,1347510589
1065,2073,1343009998
817,1783,1346702313
1975,1783,1347915202
2063,1783,1343107004
2361,1783,1343457332
2654,1783,1346556735
385,1783,1343797282
2201,1783,1347935535
649,1783,1347666088
1649,1683,1346024559
1801,1783,1345868724
1742,877,1347366152
1053,1783,1342962178
724,810,1345517100
724,1783,1345515935
724,1881,1345523187
724,2335,1345516375
724,1449,1345516760
724,779,1346827513
3397,1783,1342957014
3262,1783,1345413610
1920,3294,1347878510
1920,1783,1345883335
1728,3509,1347952726
3550,1783,1342939853
3550,631,1343786711
115,669,1347848931
115,1283,1347849753
115,1783,1347848581
1396,2138,1347838223
570,1783,1344760909
2263,1783,1347118850
2263,1634,1347789569
3079,2340,1344731290
2154,1783,1347963605
404,1783,1343121655
2492,1783,1345411682
2841,1783,1343516822
2841,1966,1343516911
2841,2266,1343527318
3368,2389,1344399792
3368,1320,1347969933
3368,3367,1347352415
3368,1503,1344398270
3368,798,1344397083
3368,294,1347352703
3368,1140,1347365057
910,2350,1346244227
3380,1783,1347504799
2003,1027,1343342090
2003,2524,1343510705
2003,876,1343342646
2003,969,1343342635
2003,3339,1343342510
2003,2860,1343342229
1305,1783,1343107009
1305,1364,1343179992
2330,71,1342978397
26,1783,1343119747
2348,1783,1347272506
974,1783,1344403276
1004,1783,1347688163
605,1431,1344674953
605,2643,1346326095
2360,1783,1347944471
2149,287,1346732060
1158,818,1347881678
1158,3422,1347881522
3008,2424,1345538429
2817,1968,1347919156
505,1783,1344290298
3229,1783,1345249489
2746,605,1347866873
2746,125,1347796939
2746,3501,1347874997
2746,1453,1347800373
2746,820,1347871303
2746,34,1347877311
2746,1387,1345515509
2746,521,1345644336
2746,1990,1347799581
2746,1199,1347876043
964,1783,1347619772
964,559,1344733124
964,758,1347917598
964,2901,1347754492
905,1783,1344384893
2882,3550,1346047631
483,608,1347824174
483,489,1343006285
134,1248,1343524514
787,571,1348002205
3268,3233,1347827437
3268,3532,1347826412
2543,3252,1345148967
1233,1783,1343106917
2210,1783,1343648139
3419,1783,1343614065
2112,1783,1347804447
971,1783,1346555957
2140,385,1347957470
2140,3500,1347958536
2140,2027,1347961175
2140,2556,1347957844
2517,2350,1345898664
2517,2700,1347846607
2517,3444,1347910339
170,112,1347927688
948,1783,1345629456
3206,1783,1345466946
849,1783,1343017535
947,1783,1344807143
90,1783,1347883683
185,1783,1344259431
1036,1783,1347864456
1036,1973,1346941723
1036,2147,1346939732
3215,2295,1347964255
3215,1993,1347966768
3215,1097,1347875616
3215,2589,1347882243
3215,3519,1347963997
3215,152,1347967952
3215,3282,1347881351
3215,2823,1347964114
3215,2043,1347877656
3215,1608,1347964160
3215,939,1347875642
3215,852,1347966982
3215,2446,1347963959
3215,1641,1347964093
3215,1319,1347914036
3215,1507,1347964015
3215,2787,1347976763
3254,1783,1347179569
414,764,1343110718
3205,2045,1345951256
3205,2880,1345797397
3205,2561,1345833343
1124,336,1345900709
1024,1181,1346035997
1024,3570,1345990939
1024,1759,1345978806
1024,956,1345978721
1024,1841,1345988458
1024,3010,1346003034
1024,2200,1345979213
2618,1783,1345114508
752,2517,1347842101
752,906,1347935075
616,2373,1344060922
1039,1785,1343189751
220,2824,1343062592
3104,3316,1343637028
3104,3104,1347120682
3104,1783,1344321679
965,1372,1346850711
1380,1783,1347945749
1059,1509,1345890799
116,218,1347946964
116,2183,1347949253
3037,1783,1347894123
789,325,1347925562
789,2648,1347925295
789,1911,1347925303
1751,1783,1344342184
2821,1783,1347352126
750,1783,1346546249
1636,3390,1343024770
581,1783,1347844666
1325,1773,1344042191
3041,1783,1347621167
2017,146,1345895910
3467,915,1346896083
851,1783,1345848116
501,2494,1347784805
501,909,1347792260
501,1680,1347798632
501,314,1347872843
501,2869,1347873919
2558,959,1345394888
915,2906,1346666235
915,1593,1347935580
915,2389,1347929544
915,3127,1346838573
915,3336,1347899215
915,595,1347894460
915,961,1347908967
915,1069,1347892220
915,1230,1346874646
915,954,1346974939
915,2187,1347909805
915,975,1347903428
3501,1565,1346240385
3075,2590,1347911466
1739,1783,1343050439
1551,1783,1345867685
3601,1151,1346484204
1475,1783,1347141021
906,752,1347934853
449,1783,1346168579
1918,1783,1344057951
2758,1783,1345867318
3092,1093,1344246097
443,1783,1347939236
138,1783,1343528641
3367,1783,1344215352
3367,1041,1344215674
3367,316,1344215621
3426,1332,1345256479
3426,1923,1342912410
1323,1783,1344138744
796,749,1347934701
796,2111,1348048515
796,3291,1347936065
796,699,1347938702
796,2775,1348045667
2301,2088,1346931449
2301,567,1347695537
2301,1372,1347797326
2301,1054,1347914264
2301,2412,1348004864
2301,2628,1347494276
2301,2890,1347918837
2301,730,1348004809
2301,3126,1347914408
2301,3095,1348006247
2301,193,1347862610
2301,1814,1348021238
2301,552,1347837489
2301,1400,1347163429
2301,48,1347905831
2301,1142,1348005869
2301,2621,1347880292
2301,215,1348007336
2301,1009,1347880434
2301,2656,1348005707
2301,2231,1347796753
2301,2779,1348016955
2301,83,1347882968
2301,517,1348006773
2301,367,1348034040
1266,1783,1347889673
1266,2486,1344399318
202,127,1347915017
3266,1117,1345339892
492,158,1347094377
406,1783,1343261061
1610,1783,1343108697
556,1783,1346552502
119,383,1347596574
41,1783,1346025855
2030,2507,1345951175
1902,1783,1342954783
859,3599,1346970384
3325,1783,1343907823
1398,1283,1347928854
1398,926,1347929073
1398,1239,1347928520
1398,1847,1347932852
1398,1232,1347929554
967,1783,1344783555
2831,977,1346246545
2831,1783,1343632098
400,1783,1347927904
3492,2859,1344733086
3310,1783,1347939501
487,1783,1342999201
1173,1783,1343648526
1783,2818,1342925787
1783,2444,1345780529
1783,1561,1344237597
1783,2135,1343198034
1783,1027,1343639194
1783,2687,1344407538
1783,1050,1347964857
1783,1852,1343290413
1783,3531,1346777428
1783,1214,1343036689
1783,3331,1343808207
1783,1683,1347783218
1783,396,1346834253
1783,45,1343103390
1783,140,1343717802
1783,1118,1347786383
1783,661,1343536148
1783,352,1343096358
1783,3438,1342964517
1783,1677,1345429632
1783,767,1346665169
1783,2925,1346025782
1783,3432,1344739065
1783,637,1344138851
1783,557,1346575114
1783,1778,1343116187
1783,1745,1347955527
1783,3285,1343174189
1783,238,1347921846
1783,2625,1347783741
1783,566,1343642007
1783,337,1345899964
1783,1960,1344804390
1783,1725,1347932663
1783,430,1343463709
1783,159,1345208208
1783,84,1344207862
1783,2389,1343772281
1783,2887,1345866614
1783,3154,1344394354
1783,3280,1345638331
1783,2493,1346478005
1783,3413,1347913331
1783,737,1343562313
1783,3021,1344140606
1783,221,1347927424
1783,2963,1343037938
1783,1126,1345241432
1783,1757,1346219133
1783,1461,1345572932
1783,3340,1347850376
1783,2407,1345245680
1783,1463,1344408500
1783,3389,1342985717
1783,243,1347178630
1783,1244,1347921078
1783,60,1345204463
1783,213,1343436372
1783,1476,1344404188
1783,2847,1347926783
1783,1563,1343905011
1783,2077,1342959862
1783,1880,1345900046
1783,2379,1347887048
1783,476,1347857159
1783,704,1347962829
1783,543,1342996714
1783,3548,1343219878
1783,2520,1347609463
1783,484,1345926452
1783,1178,1345261225
1783,2996,1343212408
1783,2285,1347930305
1783,1910,1344294694
1783,444,1345145626
1783,2851,1346807800
1783,3055,1345267193
1783,408,1342927804
1783,3120,1344141742
1783,3180,1347156455
1783,1640,1346049693
1783,1243,1347007213
1783,21,1347177992
1783,3588,1347238461
1783,872,1345513308
1783,1379,1343110116
1783,434,1347922251
1783,482,1347632775
1783,42,1347875304
1783,991,1346233442
1783,1676,1342925160
1783,71,1344132303
1783,1518,1345149070
1783,1552,1347875799
1783,2047,1344417530
1783,2451,1343946193
1783,372,1347925626
1783,85,1346065952
1783,3421,1345532413
1783,780,1347879792
1783,3552,1347874933
1783,568,1347854118
1783,1450,1343854699
1783,1242,1345559222
1783,1130,1347848450
1783,528,1345417932
1783,2964,1345150733
1783,2074,1343277988
1783,461,1343997628
1783,2432,1347869205
1783,1062,1347959425
1783,2835,1343030829
1783,47,1343919760
1783,87,1344401621
1783,3562,1347103534
1783,1482,1345116122
1783,2218,1345900523
1783,1261,1347865943
1783,1454,1347510466
1783,2484,1345104946
1783,591,1347948028
1783,2641,1347786553
1783,1558,1347680474
1783,339,1343555599
1783,2478,1346480448
1783,681,1346029786
1783,1669,1347870284
1783,248,1345255445
1783,2157,1347616641
1783,1155,1343854239
1783,2893,1347865946
1783,3473,1343007321
1783,2213,1343669197
1783,951,1345980861
1783,792,1346558734
1783,3488,1347937988
1783,1028,1345978924
1783,3567,1345247832
1783,1440,1343601702
1783,534,1346719424
1783,3135,1347502013
1783,802,1347795029
1783,3034,1347957620
1783,3233,1347826726
1783,1947,1343560264
1783,853,1342942262
1783,3150,1344381285
1783,3443,1348002958
1783,1467,1346027524
1783,3431,1347952343
1783,167,1347969318
1783,3051,1345321404
1783,572,1343291636
1783,769,1346674758
1783,1196,1343257070
1783,2535,1342997297
1783,3224,1345277366
1783,978,1345560648
1783,3251,1342914189
1783,2340,1343975728
1783,332,1343290550
1783,1065,1343017428
1783,2921,1342928260
1783,392,1347919729
1783,2838,1347895379
1783,3131,1345780479
1783,1808,1347939694
1783,3223,1343376143
1783,2014,1347917053
1783,3344,1345638669
1783,629,1346206747
1783,3225,1343296632
1783,972,1347962744
1783,1424,1347634502
1783,1956,1347635872
1783,2080,1343258551
1783,2790,1346381853
1783,2361,1344130445
1783,2654,1347919214
1783,2785,1344259561
1783,385,1343201189
1783,3544,1344057654
1783,3019,1347634631
1783,3231,1345191810
1783,714,1347787423
1783,3350,1347867293
1783,623,1347918855
1783,1626,1342926349
1783,734,1343792716
1783,2992,1347526274
1783,2684,1345980387
1783,462,1343553661
1783,1654,1347609328
1783,2485,1347910655
1783,1411,1347932592
1783,2951,1347923784
1783,2588,1346808905
1783,1121,1346026666
1783,2082,1347702265
1783,272,1343023916
1783,2283,1347970514
1783,3106,1345462093
1783,3518,1344057278
1783,1182,1345492447
1783,321,1347188911
1783,56,1344319029
1783,1619,1343856548
1783,945,1343605582
1783,2121,1347962011
1783,348,1345918512
1783,3371,1343199635
1783,550,1343563449
1783,1801,1345116100
1783,218,1343023814
1783,1996,1343046076
1783,1056,1343646951
1783,3105,1346649840
1783,1354,1343436408
1783,283,1343541032
1783,1859,1347110426
1783,774,1345924549
1783,15,1344419171
1783,1051,1343195154
1783,999,1344145223
1783,72,1343556431
1783,3125,1343511389
1783,755,1344038201
1783,2713,1347700105
1783,1053,1343350108
1783,2971,1343040963
1783,1675,1346120260
1783,86,1347238756
1783,2632,1345256108
1783,2592,1343520346
1783,161,1346855566
1783,3357,1347634940
1783,1876,1348023084
1783,814,1342979800
1783,1866,1345207822
1783,327,1344293548
1783,3397,1342959338
1783,2913,1343610380
1783,1905,1343536605
1783,2950,1347947154
1783,1965,1342962824
1783,809,1346548092
1783,2022,1347692019
1783,109,1343379268
1783,1813,1344800872
1783,2668,1343558891
1783,2294,1347963398
1783,224,1347591972
1783,2046,1347929553
1783,3040,1346848921
1783,3065,1343562244
1783,2469,1345698072
1783,3559,1344141482
1783,346,1347884795
1783,2209,1347966842
1783,1707,1347886926
1783,3060,1344145298
1783,529,1343002367
1783,3242,1348008556
1783,2331,1346378875
1783,1038,1344234966
1783,3039,1347925171
1783,2035,1343552539
1783,1375,1345151228
1783,1365,1343023739
1783,1189,1343199260
1783,1164,1343908153
1783,2440,1346117649
1783,2441,1347886237
1783,1849,1343525633
1783,2050,1343375425
1783,1186,1344416510
1783,3603,1345411343
1783,1604,1346219149
1783,1040,1347939310
1783,2462,1347627573
1783,2490,1345413617
1783,516,1343644117
1783,3069,1343023582
1783,235,1346796465
1783,2,1347787011
1783,3508,1343701146
1783,2836,1347927883
1783,2623,1347417598
1783,231,1343200031
1783,284,1346208081
1783,3583,1347689151
1783,2593,1347965839
1783,33,1346636238
1783,3466,1344057880
1783,3584,1347866272
1783,1823,1347911782
1783,776,1347915272
1783,2480,1343646407
1783,211,1343563049
1783,2160,1347916351
1783,826,1345412605
1783,1147,1343199804
1783,1207,1343046114
1783,2647,1345115738
1783,475,1343613017
1783,1471,1347917050
1783,223,1343220880
1783,2997,1345901852
1783,2319,1342925261
1783,2250,1347923649
1783,2289,1343919711
1783,3147,1347942219
1783,1717,1347862709
1783,605,1342921988
1783,2519,1342925854
1783,994,1343508763
1783,52,1345773973
1783,3420,1347688150
1783,1824,1346120913
1783,3032,1344061305
1783,1367,1347698115
1783,3505,1343666749
1783,1882,1347311872
1783,1441,1345454600
1783,1740,1345252066
1783,3362,1344057808
1783,2776,1346720399
1783,3287,1346553670
1783,1922,1347942595
1783,3148,1346674831
1783,2125,1343473908
1783,3464,1347523884
1783,2224,1347696053
1783,1524,1345987568
1783,600,1347911000
1783,139,1347751289
1783,104,1344767919
1783,2567,1347802606
1783,3609,1345140872
1783,2088,1346663716
1783,1158,1347929689
1783,973,1343773166
1783,2877,1344051754
1783,2321,1346022631
1783,3008,1345604636
1783,2214,1347872928
1783,2817,1343712450
1783,2181,1345605618
1783,2809,1343174134
1783,3345,1345145865
1783,788,1343669539
1783,549,1343174234
1783,165,1345702926
1783,955,1347687115
1783,3229,1345249471
1783,2746,1343209069
1783,2799,1347921240
1783,964,1343290587
1783,1296,1347937192
1783,1370,1345280210
1783,905,1343030137
1783,653,1347797266
1783,310,1344057604
1783,133,1343535541
1783,1884,1345393192
1783,908,1347102395
1783,393,1345197509
1783,1249,1347155781
1783,1599,1345660198
1783,821,1343646534
1783,1349,1343185886
1783,2133,1345709766
1783,134,1343030107
1783,2222,1345807185
1783,1044,1346540886
1783,3298,1346676752
1783,2174,1345449041
1783,531,1343217202
1783,1594,1347917117
1783,415,1347868088
1783,3049,1344061864
1783,1844,1345373685
1783,106,1343098986
1783,2138,1343610091
1783,1302,1345241939
1783,3261,1344404946
1783,2712,1344029780
1783,446,1345414000
1783,3470,1345951857
1783,1223,1343216563
1783,1224,1343036247
1783,1227,1343296864
1783,1088,1344210994
1783,982,1344749665
1783,2645,1347185010
1783,799,1343535294
1783,1548,1346803279
1783,2381,1347322758
1783,1795,1343606849
1783,222,1347941287
1783,2134,1342956544
1783,2112,1342935260
1783,3189,1347910338
1783,2404,1346049534
1783,2101,1344318472
1783,2919,1346798639
1783,145,1342964239
1783,2805,1343647097
1783,209,1343996362
1783,2549,1343098916
1783,2467,1344403336
1783,2402,1347789375
1783,388,1347665742
1783,1579,1343184120
1783,315,1342925949
1783,1763,1344213838
1783,1345,1343185834
1783,125,1344145701
1783,2881,1343052292
1783,94,1343130645
1783,311,1346220240
1783,1854,1343855150
1783,2281,1344118248
1783,1306,1343485272
1783,2072,1347278125
1783,1107,1346240920
1783,137,1342913378
1783,3232,1345517087
1783,3494,1344744352
1783,50,1343794690
1783,3264,1345104943
1783,2898,1344673590
1783,3141,1345424152
1783,3166,1345780025
1783,4,1347922807
1783,1314,1344130400
1783,1924,1343290415
1783,2752,1346224015
1783,456,1347919404
1783,274,1347938176
1783,1809,1344130484
1783,2058,1343275332
1783,1005,1347927870
1783,1756,1343528622
1783,30,1346831066
1783,515,1347909569
1783,96,1347854426
1783,1508,1347783473
1783,609,1342926705
1783,18,1347926724
1783,1047,1345901490
1783,2850,1345591291
1783,660,1342925843
1783,3260,1345339449
1783,856,1346309338
1783,2917,1348023257
1783,2304,1347849570
1783,3342,1343028683
1783,286,1347723370
1783,558,1347787417
1783,417,1342925860
1783,1413,1345901061
1783,1553,1343040359
1783,177,1343174209
1783,3206,1343631506
1783,1575,1347924293
1783,438,1343673747
1783,409,1343776937
1783,428,1343944144
1783,3313,1346109609
1783,836,1347884721
1783,561,1344245376
1783,613,1347673430
1783,2499,1345721756
1783,907,1346826752
1783,2858,1343545890
1783,2794,1347912373
1783,435,1342925929
1783,1327,1346311156
1783,1870,1347919170
1783,1720,1343290815
1783,1241,1345868536
1783,1129,1347112952
1783,563,1345373502
1783,335,1342954470
1783,1914,1344402701
1783,2372,1343275066
1783,3044,1345151176
1783,2737,1342935267
1783,197,1347969329
1783,414,1343040974
1783,2942,1343107040
1783,1614,1347171539
1783,1183,1346626442
1783,1635,1344805657
1783,1265,1347143062
1783,1481,1344048586
1783,1263,1345417473
1783,1405,1343025139
1783,2991,1345500168
1783,2438,1346855960
1783,1421,1347942610
1783,3524,1345411508
1783,540,1347926276
1783,1426,1345429546
1783,1179,1342925137
1783,2553,1343717786
1783,2498,1344318949
1783,1512,1343614175
1783,1299,1347953352
1783,590,1345374608
1783,532,1347915300
1783,2865,1345150554
1783,1153,1344763114
1783,1596,1343639247
1783,546,1347923696
1783,2040,1343030332
1783,2002,1347872846
1783,1457,1343766394
1783,1603,1346850080
1783,201,1344223326
1783,2797,1343048597
1783,1256,1344057641
1783,1264,1343539951
1783,2886,1347921926
1783,2076,1343263674
1783,2965,1343773850
1783,378,1346554590
1783,2670,1346289129
1783,2945,1344141001
1783,1278,1346117302
1783,2347,1346119291
1783,3356,1346219265
1783,1639,1344135018
1783,828,1347917579
1783,3271,1343276483
1783,2530,1343186540
1783,1087,1343808326
1783,1017,1342999405
1783,3535,1344229864
1783,2693,1346940312
1783,518,1342930751
1783,2748,1343275907
1783,1516,1343196808
1783,3114,1345141354
1783,1174,1346852552
1783,1105,1343628416
1783,2596,1343372831
1783,381,1343258485
1783,1687,1347890123
1783,2827,1342925951
1783,1751,1347786441
1783,1468,1345431948
1783,3138,1342925012
1783,1943,1344137622
1783,420,1345861406
1783,1466,1347395359
1783,1636,1344320235
1783,2345,1345621541
1783,2918,1344764031
1783,934,1345833035
1783,3363,1345339320
1783,2529,1343356300
1783,642,1347945262
1783,2608,1346121089
1783,2436,1348003794
1783,647,1343471533
1783,2660,1343182746
1783,2333,1343024011
1783,2750,1344259754
1783,12,1345809637
1783,3292,1342935426
1783,581,1344137816
1783,1325,1345957704
1783,2120,1342935827
1783,467,1344738819
1783,2612,1343005161
1783,3586,1346571019
1783,2254,1347937011
1783,3098,1347963002
1783,3430,1345374724
1783,1867,1347919282
1783,250,1347950720
1783,395,1345105269
1783,1647,1347952926
1783,1589,1345603356
1783,1612,1347870809
1783,2522,1343920250
1783,3490,1343030951
1783,869,1343639766
1783,390,1345498374
1783,2558,1343765331
1783,1787,1347885351
1783,2602,1343641309
1783,3014,1346221827
1783,2646,1343364077
1783,391,1347922059
1783,2619,1345539521
1783,2932,1347140919
1783,3483,1347939944
1783,578,1344229836
1783,23,1345453921
1783,3501,1343605501
1783,3318,1344763479
1783,1617,1347921111
1783,2164,1343048524
1783,3265,1347173695
1783,1810,1345609182
1783,1519,1343332949
1783,1837,1343651918
1783,593,1343561935
1783,2872,1343996346
1783,17,1343772155
1783,2686,1344319145
1783,3334,1343092133
1783,1944,1347935506
1783,706,1346120341
1783,3057,1347930081
1783,890,1345943617
1783,901,1343298324
1783,576,1346290011
1783,2962,1343808292
1783,1564,1343085856
1783,1175,1347898461
1783,3593,1346043088
1783,3402,1345900254
1783,2099,1347951577
1783,2512,1344229880
1783,1833,1347947360
1783,3592,1347883255
1783,3461,1346553326
1783,3238,1343610124
1783,2464,1342933066
1783,760,1344760697
1783,1732,1344674583
1783,2081,1343640452
1783,878,1347916412
1783,2259,1345415707
1783,496,1345520855
1783,2461,1344406863
1783,2454,1347310495
1783,298,1345492372
1783,1492,1347933357
1783,1475,1346558716
1783,2674,1343911996
1783,2563,1344787641
1783,2518,1347932060
1783,3372,1345608532
1783,3327,1343921128
1783,1007,1344039702
1783,3300,1347967701
1783,2628,1347324880
1783,909,1345693516
1783,3094,1343482791
1783,1086,1344419236
1783,1499,1343468497
1783,1330,1347937940
1783,1587,1346796409
1783,1362,1347912762
1783,183,1346676065
1783,2193,1343013254
1783,3289,1343852444
1783,88,1346869764
1783,2107,1347784144
1783,3123,1344042808
1783,1014,1343533740
1783,3130,1344675665
1783,443,1347939165
1783,2001,1344057333
1783,1803,1347771121
1783,3367,1344134095
1783,2844,1343046055
1783,2368,1345902421
1783,3426,1342942459
1783,3168,1347922703
1783,1259,1345978119
1783,3561,1347786968
1783,322,1343520925
1783,1913,1343115935
1783,804,1343476425
1783,2466,1347936934
1783,1791,1347918083
1783,639,1343175128
1783,1378,1344246999
1783,1340,1347592197
1783,2295,1347932081
1783,768,1343524002
1783,2523,1347884109
1783,3018,1345526703
1783,1799,1342984187
1783,1266,1344041594
1783,1274,1347909536
1783,3076,1343210726
1783,1479,1343559153
1783,544,1347627491
1783,2607,1347634492
1783,73,1346470354
1783,2506,1342932931
1783,3108,1347935381
1783,465,1345409833
1783,3159,1343263682
1783,202,1347944035
1783,3417,1343004889
1783,1853,1343911478
1783,2377,1347962880
1783,1969,1346190968
1783,2024,1343792758
1783,3146,1347756988
1783,1598,1345456051
1783,1460,1345540978
1783,1843,1343039825
1783,363,1347679211
1783,2896,1343777445
1783,783,1343099077
1783,1205,1347767898
1783,575,1346553078
1783,1699,1346846704
1783,227,1347639861
1783,3266,1344681630
1783,3056,1347916492
1783,2163,1344393743
1783,1472,1342925192
1783,2540,1344320178
1783,1403,1343806735
1783,1569,1344139990
1783,2515,1345117841
1783,338,1342980538
1783,3486,1347690582
1783,2627,1347855022
1783,929,1343222535
1783,1392,1346116309
1783,1797,1347969674
1783,210,1344806575
1783,2328,1347311113
1783,156,1347923640
1783,3480,1345411552
1783,2358,1343178227
1783,556,1345276442
1783,2420,1345416085
1783,2038,1347741599
1783,1643,1343601862
1783,46,1347939793
1783,2286,1345924743
1783,1775,1347915862
1783,1998,1343174316
1783,384,1344674351
1783,2109,1344762280
1783,1705,1342957668
1783,3476,1343005642
1783,2188,1345705551
1783,1678,1343025859
1783,2620,1342925056
1783,41,1345509328
1783,1794,1343808226
1783,3218,1346572782
1783,410,1347870514
1783,2635,1343519234
1783,2030,1345279574
1783,1651,1342960952
1783,2202,1346352104
1783,3143,1345492863
1783,3448,1347913302
1783,1830,1347926417
1783,166,1343484781
1783,2598,1344389491
1783,1386,1346638429
1783,3375,1344058196
1783,3360,1343199916
1783,966,1347186961
1783,2126,1344245270
1783,3338,1345890788
1783,2829,1345702153
1783,1398,1347928578
1783,2503,1344686171
1783,3606,1347929401
1783,644,1345884349
1783,1267,1347926088
1783,749,1344057743
1783,2732,1345993319
1783,3492,1342928561
1783,3545,1343605889
1783,1090,1347953382
1783,2023,1345974298
1783,2495,1345275485
1783,513,1347959670
1783,487,1347794817
1783,1888,1344400399
1783,292,1343037362
1783,1490,1344229845
1783,2318,1347949300
1783,805,1345981025
1783,2413,1343040270
1783,3031,1346293679
1783,2104,1344721693
1783,1173,1344392559
1783,1085,1344407772
1783,3527,1347877747
1783,2980,1345122404
1783,2061,1347946589
1783,827,1347008190
1783,1629,1347902449
1783,2659,1347916489
1783,2728,1347113316
1783,345,1343028574
1783,154,1342925778
1783,1500,1343131585
1783,943,1343296786
1783,1254,1346674765
1783,1532,1343017490
1783,1682,1347969382
1783,1229,1344054816
1783,3068,1347917955
1783,239,1346527586
1783,490,1347914787
1783,1645,1343263732
1783,2161,1343920173
1783,1433,1343533084
1783,2657,1347916878
1783,1453,1343028956
1783,2863,1345466681
1783,181,1345421614
1783,2552,1347916906
1783,498,1347792551
1783,883,1345279383
1783,37,1347922437
1783,1101,1344745557
1783,3156,1342925895
1783,701,1343639748
1783,3578,1343026564
1783,2097,1347877625
1783,3468,1346331282
1783,506,1343978651
1783,1729,1345848803
1783,401,1342954649
1783,1885,1345806813
1783,3020,1346626283
1783,1704,1347713880
1783,3175,1346890457
1783,3369,1347367015
1783,100,1344673403
1783,1108,1347688270
1783,2930,1345494377
1783,744,1345263830
1783,1404,1346490438
1783,81,1343523341
1783,3267,1344229893
1783,118,1343197352
1783,2933,1347946080
1783,1546,1347915143
1783,1075,1343717768
1783,51,1347930160
1783,95,1347723762
1783,2783,1347351888
1783,1459,1346026094
1783,2395,1345214424
1783,1941,1344413111
1783,803,1347964807
1783,997,1343046015
1783,2036,1347683931
1783,459,1347006953
1783,2542,1346128763
1783,3482,1342978885
1783,36,1345245509
1783,3503,1343808223
1783,2374,1347749432
1783,405,1343220144
1783,1942,1342930656
1783,1632,1347937136
1783,2171,1344140046
1783,2663,1345405395
1783,2242,1347973180
1783,920,1347008187
1783,2449,1346028023
1783,3525,1347912600
1783,2189,1346724203
1783,2416,1346382731
1783,1321,1343105243
1783,2771,1345874806
1783,1737,1347890687
1783,620,1347073897
1783,1258,1346554924
1783,1080,1343808283
1783,302,1347947005
1783,1089,1346798464
1783,2497,1347862415
1783,941,1347803761
1783,1851,1346160936
1783,2405,1343242276
1783,1642,1343822637
1783,2516,1343001501
1783,1287,1347937683
1783,276,1343214321
1783,1829,1345420436
1783,1857,1345640966
1783,1967,1343920544
1783,178,1345693538
1783,1187,1345604269
1783,2955,1346498553
1783,2130,1342962298
1783,1237,1344787877
1783,2568,1347852432
1783,2067,1345122286
1783,2855,1343104609
1783,2803,1347952100
1783,3553,1347911684
1783,716,1346862715
1783,2488,1347417632
1783,1613,1347965198
1783,326,1343030121
1783,3506,1345205345
1783,1789,1345693578
1783,407,1343098877
1783,3348,1347840630
1783,1257,1347923135
1783,1262,1346470352
1783,3272,1347942237
1783,2240,1345414099
1783,2662,1345551993
1783,3322,1343646287
1783,2472,1346049242
1783,1652,1343104367
1783,1954,1343796095
1783,692,1347969017
1783,190,1343174223
1783,1350,1347785756
1783,2590,1343607856
1783,1982,1343052643
1783,2852,1343532970
1783,114,1345944472
1783,3112,1348000874
1783,1538,1345877960
1783,1819,1347157645
1783,2597,1344063572
1783,2403,1347118710
1783,3202,1347922618
1783,3580,1345881399
1783,886,1345899953
1783,766,1347843237
1783,494,1343046130
1783,1363,1347146975
1783,2566,1348034098
1783,2833,1347908993
1783,2808,1343023928
1783,2688,1347913436
1783,1573,1344402252
1783,2888,1343128507
1783,1336,1343553733
1783,2292,1347951247
1783,1331,1347913690
1783,1660,1347798125
1783,2419,1342956687
1783,3581,1347924791
1783,1217,1344313663
1783,354,1347921471
1783,2279,1347848873
1783,793,1347763409
1783,3227,1343647893
1783,1864,1345104870
1783,1964,1343812528
1783,1556,1344319176
1783,1711,1343631903
1783,1774,1342925909
1783,835,1343473686
1783,538,1347941847
1783,2741,1347933559
1783,1280,1343645873
1783,739,1346111260
1783,214,1344248284
1783,2282,1343073394
1783,2873,1347945382
1783,2051,1343021348
1783,3336,1346208188
1783,555,1343533612
1783,3328,1346527576
1783,2890,1347942071
1783,474,1347919433
1783,14,1343023859
1783,1747,1343004403
1783,1091,1345642556
1783,604,1345383545
1783,2246,1346310164
1783,2078,1347938821
1783,811,1343047137
1783,433,1342941965
1783,3121,1347665696
1783,2217,1344049659
1783,225,1344745593
1783,3214,1346059772
1783,1959,1345244421
1783,592,1346418381
1783,2471,1347890353
1783,638,1345429699
1783,855,1347883490
1783,470,1346774861
1783,2527,1347934515
1783,1073,1344402497
1783,2830,1347951043
1783,1761,1347909977
1783,2610,1343540596
1783,2754,1343808026
1783,745,1347634568
1783,2569,1347963705
1783,3415,1343908266
1783,2388,1347857043
1783,1010,1347913833
1783,3110,1343357579
1783,3347,1345961791
1783,1496,1346485227
1783,995,1347772769
1783,3063,1343610211
1783,78,1345669184
1783,2574,1347921552
1783,3308,1345429660
1783,3572,1347917149
1783,1071,1343465045
1783,1423,1344389761
1783,2054,1344380112
1783,2342,1345246317
1783,1382,1342922986
1783,328,1347168987
1783,2804,1345564623
1783,3574,1343023911
1783,2694,1347843158
1783,1846,1346377120
1783,2678,1344392799
1783,2385,1344397119
1783,2128,1343920583
1783,2926,1345588118
1783,1401,1346290482
1783,2912,1347148991
1783,2899,1347877601
1783,2972,1343559104
1783,3279,1347836775
1783,1469,1345516967
1783,259,1343549945
1783,481,1347950824
1783,960,1343996413
1783,931,1347923594
1783,3429,1347933594
1783,2709,1345540293
1783,1785,1343037225
1783,3247,1344686554
1783,2059,1343098991
1783,3401,1343023847
1783,2936,1345431864
1783,188,1343211865
1783,1935,1343808245
1783,645,1343290549
1783,3067,1343049051
1783,1554,1344735928
1783,1856,1342919046
1783,2465,1346909307
1783,542,1342924156
1783,168,1345786495
1783,1294,1347399152
1783,1253,1346806584
1783,1686,1343005980
1783,2233,1343852907
1783,3046,1346548092
1783,3556,1346716166
1783,2615,1343646456
1783,2186,1343537756
1783,3465,1343290400
1783,3302,1347964314
1783,675,1342939448
1783,1136,1343104208
1783,785,1347927827
1783,1734,1343098952
1783,1606,1344061499
1783,1297,1343858051
1783,2944,1344143601
1783,3314,1346807360
1783,2606,1343098875
1783,3320,1346757261
1783,29,1346798811
1783,936,1345279877
1783,112,1346118681
1783,942,1347917853
1783,1932,1343535602
1783,1061,1343557505
1783,1284,1345116715
1783,297,1343558404
1783,107,1346418212
1783,3160,1347938193
1783,1800,1343610141
1783,3510,1345764874
1783,2230,1345820002
1783,818,1347881217
1783,1847,1344297679
1783,1726,1343812559
1783,3102,1345511873
1783,1520,1344137673
1783,1758,1342925814
1783,3245,1344737722
1783,1190,1345867284
1783,1972,1343808340
1783,304,1344058841
1783,2795,1346822714
1783,2514,1347710026
1783,255,1347890489
1783,2905,1343535724
1783,3353,1343436373
1783,2757,1345256766
1783,1094,1346206716
1783,3551,1347786892
1783,3023,1343040818
1783,1574,1342997672
1783,831,1347943518
1783,2028,1343050411
1783,207,1345875530
1783,69,1347786139
1783,2978,1343033225
1783,1133,1342917067
1783,2849,1342937867
1783,3052,1343351599
1783,1425,1343535569
1783,1234,1346807533
1783,1530,1343605481
1783,124,1344742334
1783,2859,1342924638
1783,2299,1347868795
1783,3252,1345143748
1783,1939,1343103551
1783,1624,1343023890
1783,861,1344737866
1783,533,1343037656
1783,2546,1345429785
1783,460,1346191275
1783,671,1347756610
1783,1251,1347930392
1783,2605,1346555046
1783,2854,1344801277
1783,667,1343023779
1783,2247,1343019829
1783,2717,1343206490
1783,632,1343648660
1783,2055,1343720831
1783,2786,1345681736
1783,3017,1344736667
1783,1688,1345608307
1783,2885,1345707672
1783,1480,1342925812
1783,2273,1343058908
1783,293,1346220117
1783,3493,1346123939
1783,1644,1345256912
1783,1858,1347912259
1783,2434,1347979804
1783,2677,1346969571
1783,2053,1347943821
1783,2284,1347933692
1783,512,1343188822
1783,3317,1345978433
1783,771,1343174326
1783,3481,1346413811
1783,2800,1343535699
1783,3435,1343870156
1783,1275,1343481590
1783,2325,1342935115
1783,892,1343648189
1783,2774,1343376126
1783,854,1345411706
1783,3560,1347935358
1783,2927,1347310516
1783,3500,1343048361
1783,3250,1347912133
1783,733,1344745622
1783,1308,1343098983
1783,3277,1345274997
1783,1772,1343524697
1783,3387,1343478102
1783,1293,1346552767
1783,1097,1347871835
1783,1351,1343783440
1783,1738,1343717736
1783,171,1343774437
1783,477,1347804593
1783,360,1343291749
1783,1106,1342959002
1783,135,1346187783
1783,2143,1343554017
1783,923,1344137703
1783,511,1345115206
1783,725,1347931008
1783,651,1347925775
1783,1582,1347924218
1783,1555,1345943478
1783,3600,1345783097
1783,295,1347929657
1783,3523,1345253952
1783,2505,1343453923
1783,1415,1346919502
1783,2491,1343023805
1783,3513,1344283509
1783,659,1347165721
1783,1203,1345267776
1783,1025,1346674242
1783,618,1343436390
1783,738,1343007104
1783,3184,1347942552
1783,2683,1344296053
1783,2199,1346764803
1783,3093,1343221523
1783,3384,1345279879
1783,2323,1343132615
1783,1139,1345248396
1783,2262,1344372110
1783,3054,1345899978
1783,1376,1345719478
1783,873,1343046131
1783,1780,1343046227
1783,3015,1343980146
1783,1666,1347888314
1783,2708,1343994335
1783,2698,1343542450
1783,1455,1345200566
1783,648,1343014722
1783,3196,1346849232
1783,1465,1347177550
1783,2611,1347781990
1783,1861,1345372841
1783,698,1344227715
1783,1628,1346850029
1783,3240,1343775763
1783,2892,1347883094
1783,1273,1344737824
1783,173,1344395858
1783,3083,1347950082
1783,3136,1345514332
1783,3134,1343543731
1783,290,1343536636
1783,1322,1345500353
1783,583,1343046109
1783,1069,1342919556
1783,3440,1342983410
1783,3194,1347930233
1783,450,1343695510
1783,2221,1342928325
1783,2923,1344342179
1783,296,1343294069
1783,1338,1345983501
1783,2243,1347351905
1783,2433,1346031089
1783,2977,1344142188
1783,2806,1347936837
1783,1211,1347140558
1783,3341,1347959007
1783,1622,1345686848
1783,3283,1345901230
1783,1802,1344062131
1783,3158,1345590486
1783,731,1344805595
1783,2884,1345244423
1783,850,1346377394
1783,1611,1344060824
1783,1206,1346288293
1783,634,1347875938
1783,1771,1345416247
1783,2009,1343771846
1783,2908,1347884692
1783,1601,1347912862
1783,2015,1343559065
1783,689,1344137752
1783,3170,1346807520
1783,1216,1343174443
1783,1381,1345577125
1783,252,1347901753
1783,3013,1347936774
1783,3080,1343098900
1783,2479,1345394532
1783,1744,1344061957
1783,2982,1347976665
1783,442,1343174287
1783,234,1343639818
1783,867,1347786500
1783,3474,1343525118
1783,2601,1347139616
1783,3564,1343023541
1783,536,1345905463
1783,2364,1345247770
1783,2934,1343798875
1783,2397,1347930349
1783,2876,1347957541
1783,495,1347933909
1783,1436,1346808136
1783,765,1344057893
1783,619,1344045644
1783,1692,1347916744
1783,3361,1347724202
1783,265,1345881252
1783,362,1347970998
1783,1213,1343978939
1783,2450,1343920982
1783,160,1345427184
1783,2995,1343538910
1783,847,1344214314
1783,3571,1347937487
1783,2106,1343558682
1783,3522,1347872453
1783,353,1347921031
1783,245,1347625595
1783,1961,1343610118
1783,884,1347940776
1783,323,1343174180
1783,718,1343717794
1783,2929,1345943620
1783,2675,1346530326
1783,1933,1343854574
1783,735,1342925856
1783,3064,1343095842
1783,2316,1343046068
1783,2212,1343023930
1783,148,1344745536
1783,2459,1345145587
1783,49,1343174172
1783,2359,1347965819
1783,2764,1345405021
1783,2946,1347635487
1783,2428,1346793422
1783,309,1343290480
1783,1957,1347912046
1783,1304,1344229818
1783,1122,1343349142
1783,2702,1345281902
1783,386,1345980346
1783,2789,1344787383
1783,758,1343379877
1783,1200,1347926497
1783,848,1346472797
1783,2322,1347936995
1783,1172,1346709446
1783,1428,1347953492
1783,612,1347965278
1783,58,1343046030
1783,356,1343221351
1783,1581,1347874309
1783,2119,1344402428
1783,2208,1345267958
1783,621,1347322651
1783,13,1345691323
1783,2866,1345467591
1783,1137,1343023466
1783,582,1347888361
1783,2268,1347638788
1783,2867,1348034876
1783,2477,1343975626
1783,2116,1343996347
1783,1571,1343197864
1783,2676,1347715825
1783,3425,1343023742
1783,3237,1347930898
1783,1188,1347978431
1783,3478,1343610268
1783,146,1343436424
1783,2355,1348001670
1783,1528,1347752756
1783,2384,1343804882
1783,1513,1344737647
1783,3385,1347871967
1783,3585,1343023838
1783,2714,1346676806
1783,2314,1343910990
1783,889,1343851013
1783,1074,1342925922
1783,3188,1342914039
1783,3436,1344242528
1783,2019,1344393101
1783,996,1344239718
1783,313,1347593956
1783,1517,1343606431
1783,300,1345706724
1783,3082,1345882503
1783,1288,1347926387
1783,1506,1347417503
1783,1019,1344293526
1783,3577,1343808196
1783,253,1343521911
1783,1875,1344394322
1783,1724,1343023831
1783,680,1345521588
1783,2825,1343717817
1783,2110,1344406884
1783,3096,1345786750
1783,763,1345637879
1783,330,1347918559
1783,2151,1344038219
1783,3137,1346027190
1783,2439,1343010354
1783,3427,1345809080
1783,2637,1346807101
1783,2198,1347936702
1783,2277,1345759003
1783,3115,1346807848
1783,1143,1343358380
1783,3405,1347841289
1783,2457,1346868178
1783,2367,1347872442
1783,2894,1343098844
1783,2487,1348017224
1783,1236,1345523843
1783,2391,1344145811
1783,3103,1343029606
1783,2576,1343947004
1783,1470,1347965194
1783,1816,1345980762
1783,2205,1347955929
1783,1409,1344769550
1783,1184,1343290409
1783,270,1343853758
1783,264,1347842355
1783,1204,1344138214
1783,1547,1344286284
1783,2448,1343349329
1783,949,1345350965
1783,1096,1344732896
1783,3502,1344049374
1783,2669,1347936764
1783,3599,1346205856
1783,2591,1346309477
1783,1245,1345370589
1783,958,1343185825
1783,825,1343018152
1783,759,1344131460
1783,291,1343025865
1783,1332,1344319047
1783,860,1343174239
1783,2571,1346827481
1783,3053,1343200523
1783,246,1344059819
1783,682,1344295099
1783,2302,1344746715
1783,1100,1344249048
1783,2828,1347938733
1783,1766,1343098957
1783,3255,1345935748
1783,301,1347952807
1783,3,1346813942
1783,1812,1343601520
1783,1753,1345625818
1783,66,1346870444
1783,358,1347936892
1783,1963,1344299896
1783,1862,1345974009
1783,2007,1343197083
1783,548,1343128851
1783,2564,1344057621
1783,59,1345272683
1783,2736,1345952877
1783,2697,1346813647
1783,2500,1343863500
1783,1114,1347835600
1783,658,1347926058
1783,3516,1343105025
1783,2083,1345522220
1783,176,1346765389
1783,2329,1347917088
1783,491,1343381815
1783,1384,1345944885
1783,377,1347936916
1783,2652,1346493087
1783,2812,1345859608
1783,1903,1345889402
1783,1646,1346631315
1783,2351,1343797095
1783,2349,1347110337
1783,1958,1346202098
1783,1422,1342930199
1783,2392,1347879627
1783,2762,1342961561
1783,2225,1342925459
1783,2772,1347944339
1783,289,1347934981
1783,2796,1344674980
1783,3139,1343865498
1783,2780,1347943416
1783,2173,1345245167
1783,1871,1345106050
1783,664,1343527803
1783,2476,1343535666
1783,2901,1343026414
1783,3555,1343032984
1783,1208,1343717737
1783,3484,1347961661
1783,436,1343610105
1783,1366,1345943626
1783,2679,1347878385
1783,2341,1343996541
1783,2957,1345204434
1783,1443,1343280673
1783,2920,1344405408
1783,1680,1343027498
1783,1286,1343640968
1783,3307,1346651124
1783,3437,1347140283
1783,2057,1343901707
1783,2435,1344745279
1783,3028,1344057707
1783,1246,1343287722
1783,3576,1347639862
1783,3563,1343091560
1783,3383,1345256726
1783,1825,1345150900
1783,174,1347936719
1783,1526,1345863831
1783,82,1343815850
1783,569,1342963243
1783,3608,1344747430
1783,3598,1343023817
1783,3149,1344259622
1783,39,1343014100
1783,324,1342925782
1783,172,1347609632
1783,3270,1347923317
1783,244,1343004778
1783,3074,1343452921
1783,2257,1344057415
1783,858,1345871339
1783,3477,1343274807
1783,2879,1346604609
1783,598,1347883296
1783,829,1345875873
1783,679,1345515893
1783,497,1347913474
1783,2005,1346225316
1783,1580,1346234401
1783,1112,1347930276
1783,3174,1347945755
1783,1078,1347935979
1783,1590,1346888147
1783,2954,1343560688
1783,3520,1343781595
1783,1539,1343436505
1783,2148,1343023765
1783,121,1347936043
1783,3216,1343221878
1783,2960,1343559721
1783,3073,1345256906
1783,1928,1343629019
1783,685,1343029739
1783,882,1347929250
1783,1163,1343770120
1783,2153,1343046078
1783,1562,1347973762
1783,3256,1345800557
1783,1883,1343105649
1783,3534,1343200909
1783,594,1347947190
1783,1171,1343012667
1783,2312,1344229693
1783,2513,1347261190
1783,216,1347915084
1783,312,1345512002
1783,163,1346210555
1783,2534,1345373325
1783,318,1344063711
1783,721,1346529632
1783,3457,1343703391
1783,2673,1344059519
1783,626,1343607115
1783,2070,1343276967
1783,3590,1347845696
1783,876,1345412646
1783,668,1345549881
1783,1577,1343209057
1783,3495,1343085536
1783,3140,1345429616
1783,1098,1343649195
1783,376,1347593886
1783,2993,1347874244
1783,1000,1344242506
1783,1670,1346766189
1783,703,1345385657
1783,2350,1344674723
1783,3499,1345116314
1783,3333,1347700360
1783,2100,1347894442
1783,762,1344397706
1783,3089,1347794796
1783,666,1345947720
1783,709,1343213452
1783,258,1347635114
1783,784,1346027358
1783,2272,1346717658
1783,888,1344077552
1783,1483,1347928397
1783,2751,1347887090
1783,2690,1343174263
1783,794,1345269422
1783,2633,1343792674
1783,2953,1345720186
1783,514,1345454854
1783,727,1347165689
1783,1873,1342930572
1783,2528,1347449713
1783,732,1343815565
1783,2298,1347935382
1783,1781,1343852903
1783,2704,1344296482
1783,503,1343201199
1783,144,1347922244
1783,1420,1345434322
1783,747,1345245266
1783,1210,1346637515
1783,1060,1344392442
1783,812,1345244613
1783,1584,1343352954
1783,1368,1342925858
1783,3594,1347921098
1783,2843,1346249230
1783,508,1343791905
1783,1141,1344737678
1783,3161,1343639785
1783,3181,1345267399
1783,1132,1342925935
1783,3109,1343015178
1783,441,1347687856
1783,2985,1345421344
1783,2041,1343014625
1783,1916,1345637122
1783,2369,1343696087
1783,1773,1345984387
1783,193,1343023887
1783,564,1346846577
1783,1731,1343288394
1783,1307,1347714217
1783,683,1347922079
1783,652,1347911298
1783,2989,1347963295
1783,1127,1343535539
1783,3424,1343023901
1783,2599,1345945913
1783,1948,1345676343
1783,260,1347932429
1783,968,1344138230
1783,1535,1345868989
1783,823,1345630733
1783,1498,1345429618
1783,2177,1342935498
1783,1834,1344078262
1783,1394,1347510174
1783,630,1347942058
1783,2489,1346513600
1783,3406,1345943609
1783,1131,1347919402
1783,2265,1347695249
1783,2216,1347740679
1783,2743,1346555055
1783,3309,1343978398
1783,813,1347618012
1783,2204,1345859457
1783,2021,1347935772
1783,1591,1347887005
1783,1195,1344783064
1783,3568,1342910100
1783,2974,1344229716
1783,1828,1344061610
1783,268,1346553160
1783,2724,1347926710
1783,1999,1347786352
1783,1361,1343520983
1783,232,1344041833
1783,2145,1347948795
1783,1,1345454822
1783,1021,1347884512
1783,2102,1348030919
1783,1432,1347913596
1783,3364,1346715935
1783,2326,1347916561
1783,2455,1346489649
1783,1768,1347417393
1783,2410,1346885984
1783,917,1347856665
1783,2902,1344401270
1783,3441,1343376039
1783,3199,1343290402
1783,2236,1343376119
1783,672,1345540253
1783,108,1343023792
1783,1572,1343023760
1783,2483,1343281253
1783,596,1343381325
1783,31,1347961589
1783,2922,1344064884
1783,990,1347352283
1783,881,1344414377
1783,189,1343610187
1783,790,1344804751
1783,316,1346577115
1783,1057,1347927948
1783,2196,1344139018
1783,2742,1347922274
1783,2118,1346973508
1783,1540,1347837665
1783,1355,1345453892
1783,1560,1347625733
1783,1708,1345693747
1783,2129,1343709699
1783,365,1346159532
1783,2559,1347867751
1783,1485,1345721502
1783,2578,1344208848
1783,520,1347715065
1783,944,1347397793
1783,206,1342925792
1783,3072,1343290508
1783,1144,1347311402
1783,2401,1344248314
1783,2984,1342925797
1783,904,1347921352
1783,1209,1347636501
1783,1534,1344342999
1783,1536,1344750022
1783,2561,1343088294
1783,2595,1343816160
1783,1585,1344756983
1783,635,1346202374
1783,2665,1345365664
1783,287,1343201864
1783,3217,1344057367
1783,3537,1346571701
1783,2629,1343104315
1783,1850,1345512194
1783,1063,1344229746
1783,280,1344676166
1783,3275,1344048561
1783,2336,1346812202
1783,1435,1342999222
1783,797,1347162298
1783,2251,1347916004
1783,343,1347940057
1783,932,1347149067
1783,199,1347836028
1783,2069,1347916296
1783,986,1345590197
1783,504,1343046066
1783,2071,1344137641
1783,357,1344048783
1783,2303,1345251197
1783,1818,1343174208
1783,1462,1344077107
1783,1917,1347168739
1783,527,1343001238
1783,2091,1347935179
1783,989,1343978575
1783,3591,1343535586
1783,351,1343808234
1783,350,1343290454
1783,2716,1345516840
1783,3450,1347940719
1783,1578,1347952293
1783,2870,1347872149
1783,1971,1343301878
1783,2096,1345591631
1783,1502,1347786866
1783,696,1346498631
1783,3219,1343974583
1783,953,1343469966
1783,1347,1347278356
1783,2537,1343023799
1783,2538,1343853930
1783,1832,1345869073
1783,1966,1343096690
1783,1983,1343376132
1783,526,1346872600
1783,1855,1346674546
1783,2255,1343046242
1783,1161,1343029063
1783,1442,1342925875
1783,3198,1343174161
1783,2180,1345388682
1783,2994,1342933462
1783,1099,1343703509
1783,3374,1343023782
1783,1570,1345501622
1783,834,1343095114
1783,863,1345254691
1783,1219,1343118048
1783,1180,1343610154
1783,2622,1345516842
1783,2062,1343511903
1783,1410,1343709622
1783,3118,1344058298
1783,1840,1346543711
1783,2539,1342935562
1783,1255,1343006975
1783,1309,1343717746
1783,2178,1347140862
1783,2691,1342925874
1783,403,1343962969
1783,2952,1343258551
1783,110,1347870895
1783,2117,1347936663
1783,1313,1343046152
1783,54,1342935295
1783,2718,1345959379
1783,370,1342977696
1783,1434,1344806312
1783,2234,1347843330
1783,3352,1345391655
1783,2375,1343023849
1783,2814,1347772813
1783,2354,1343046133
1783,382,1345929232
1783,1359,1347687746
1783,1194,1343290840
1783,285,1343649128
1783,1931,1346539437
1783,2032,1345807185
1783,2418,1343808202
1783,554,1344719852
1783,2525,1347884733
1783,2973,1347621031
1783,3540,1345980514
1783,3273,1344062485
1783,3197,1345105798
1783,2114,1347946501
1783,674,1347886387
1783,1638,1344686517
1783,2042,1345800511
1783,1395,1343174140
1783,2084,1347918458
1783,1980,1345403482
1783,2807,1344720097
1783,2065,1345516835
1783,1226,1343174240
1783,898,1345442640
1783,2184,1347712456
1783,1782,1347802519
1783,2037,1345413935
1783,1545,1345516221
1783,3489,1343290483
1783,2910,1343540743
1783,43,1347952256
1783,1001,1346418729
1783,3249,1345607477
1783,5,1347141267
1783,615,1346491350
1783,2940,1344057397
1783,2889,1347929557
1783,2018,1347622944
1783,3305,1345537839
1783,1119,1342929882
1783,807,1346527547
1783,3248,1344209113
1783,640,1343174160
1783,1907,1347787978
1783,2290,1343174247
1783,1034,1343103400
1783,3428,1343290510
1783,24,1342927858
1783,2169,1343473899
1783,11,1345675894
1783,1344,1345415372
1783,3365,1344319063
1783,20,1343535646
1783,162,1347926910
1783,722,1347928236
1783,2228,1342941197
1783,3153,1347969947
1783,2223,1346733635
1783,1150,1347946679
1783,2317,1343098934
1783,2979,1347172886
1783,606,1344760134
1783,2092,1347786709
1783,1586,1343562607
1783,2643,1345516953
1783,226,1345385650
1783,3335,1345450529
1783,2456,1343817800
1783,2586,1347740725
1783,1730,1345693565
1783,2060,1344229816
1783,1912,1343174249
1783,870,1346811064
1783,702,1343565318
1783,1523,1347932454
1783,478,1343436484
1783,196,1343631086
1783,2532,1343562783
1783,2975,1346393615
1783,1046,1343023856
1783,1953,1347801642
1783,1822,1345438021
1783,3418,1343535662
1783,1043,1342925891
1783,1487,1347941632
1783,3451,1345806791
1783,1250,1345411706
1783,10,1344223688
1783,2105,1347912943
1783,2155,1347928529
1783,373,1347792717
1783,857,1344736742
1783,169,1343274437
1783,3536,1347935162
1783,1393,1343098904
1783,463,1347963835
1783,2987,1345723245
1783,2315,1342930423
1783,599,1344405418
1783,1749,1347738933
1783,3543,1343023833
1783,3281,1343535649
1783,3024,1343290506
1783,1247,1345116181
1783,2846,1346481128
1783,806,1343376224
1783,32,1346657168
1783,3354,1345929220
1783,3288,1346709941
1783,3284,1347925183
1783,1497,1343174252
1783,1400,1344145817
1783,1128,1343026307
1783,1072,1345411706
1783,1615,1344234423
1783,712,1345959071
1783,670,1345651462
1783,2604,1343130103
1783,862,1346795406
1783,1018,1343191377
1783,1637,1342935223
1783,1716,1343718322
1783,3446,1346209210
1783,2861,1346920038
1783,2300,1347156384
1783,925,1343436486
1783,251,1343041524
1783,48,1343241475
1783,123,1347839732
1783,1317,1347167851
1783,720,1346792549
1783,2941,1347889231
1783,919,1343103785
1783,62,1347912161
1783,1192,1344407925
1783,182,1342932829
1783,2343,1343776038
1783,1894,1345897631
1783,2624,1346846585
1783,3192,1343794911
1783,113,1346478384
1783,1945,1343610238
1783,2810,1346136975
1783,946,1347962441
1783,585,1346540881
1783,371,1346558576
1783,3396,1346861420
1783,3187,1345602713
1783,1826,1345524704
1783,3070,1343996376
1783,1385,1343047166
1783,756,1347949460
1783,242,1343436497
1783,1093,1343609716
1783,3182,1347803811
1783,1157,1347913395
1783,1429,1343039888
1783,866,1342929411
1783,2631,1346220258
1783,3521,1345411367
1783,2575,1346154997
1783,263,1342927744
1783,3162,1344407413
1783,1016,1347710080
1783,1735,1346555857
1783,500,1347927637
1783,2634,1343376189
1783,1777,1345411385
1783,3257,1347913859
1783,2551,1345416435
1783,2026,1343808331
1783,1701,1343559292
1783,3243,1347786219
1783,3124,1347934987
1783,418,1347858282
1783,1690,1345434954
1783,983,1345538648
1783,2907,1344410447
1783,2421,1347272204
1783,2195,1343178084
1783,1298,1347964075
1783,1357,1347935106
1783,2509,1344138920
1783,3349,1347875564
1783,824,1346547777
1783,3445,1343481022
1783,1653,1345949493
1783,2122,1347618953
1783,2541,1347835162
1783,1167,1345607552
1783,1991,1345392643
1783,875,1345244355
1783,2043,1345806223
1783,3326,1343036104
1783,3596,1344760357
1783,1987,1347940110
1783,3036,1345974024
1783,2685,1347745080
1783,2701,1343535711
1783,757,1346726838
1783,334,1343703725
1783,717,1347916419
1783,1003,1345868381
1783,553,1346054066
1783,493,1345385968
1783,2857,1347273976
1783,924,1347972337
1783,3176,1344039498
1783,3000,1343366034
1783,236,1345257396
1783,3101,1343779467
1783,3050,1347874838
1783,1083,1343174296
1783,1082,1343290545
1783,2443,1347936135
1783,151,1343098969
1783,2093,1346725867
1783,2127,1347963263
1783,2261,1347683200
1783,2172,1343511762
1783,2725,1347322252
1783,523,1347913596
1783,507,1345948591
1783,1821,1343121846
1783,845,1347942222
1783,3078,1344061991
1783,3005,1344685423
1783,1648,1344675090
1783,1456,1345445692
1783,2990,1347919651
1783,2550,1347928528
1783,3565,1346809677
1783,2617,1343453604
1783,2460,1347866196
1783,3541,1343780015
1783,2924,1344145160
1783,1162,1345846122
1783,329,1343784152
1783,1752,1347969310
1783,2826,1343647622
1783,2194,1345506053
1783,1111,1347958791
1783,1154,1343700743
1783,777,1343049742
1783,1045,1343650147
1783,1149,1344386500
1783,1222,1347921735
1783,1343,1345516937
1783,1270,1344786359
1783,2085,1346027498
1783,267,1345450677
1783,2352,1342925938
1783,279,1343009245
1783,2653,1347856175
1783,711,1343358247
1783,175,1343825310
1783,2414,1345851305
1783,429,1345625680
1783,746,1345515190
1783,2739,1343610270
1783,440,1345352298
1783,2034,1343975979
1783,2943,1345145723
1783,3030,1345817701
1783,1377,1343376041
1783,1125,1343376218
1783,3191,1342913076
1783,2179,1343281623
1783,1698,1343098826
1783,273,1345766250
1783,879,1343452681
1783,2745,1343037068
1783,1984,1343639064
1783,1501,1347273408
1783,3129,1345607510
1783,2986,1347929898
1783,2463,1344138353
1783,2275,1346834290
1783,3514,1345627897
1783,2734,1345117088
1783,3299,1347913695
1783,1906,1345492527
1783,208,1343130755
1783,1134,1345412695
1783,2875,1347638925
1783,3496,1347142839
1783,3062,1343703825
1783,2474,1343535565
1783,1934,1347955281
1783,2203,1347512419
1783,1032,1345373660
1783,885,1343604033
1783,3386,1345902369
1783,1679,1347619863
1783,1722,1346813193
1783,1718,1346810550
1783,426,1347787228
1783,93,1345373484
1783,880,1342934131
1783,816,1343221467
1783,2425,1345693534
1783,3164,1343648278
1783,1631,1345981033
1783,2090,1345931825
1783,1478,1347939194
1783,3122,1347954367
1783,2098,1347932924
1783,1452,1347908975
1783,2293,1346804062
1783,3165,1347790523
1783,914,1345463236
1783,282,1347911329
1783,3303,1343960519
1783,149,1343299283
1783,894,1348006730
1783,2044,1345974188
1783,708,1347397531
1783,1727,1345701640
1783,1070,1343240617
1783,726,1343652579
1783,3324,1344132860
1783,369,1344319181
1783,1904,1345629709
1783,1695,1347916331
1783,230,1344404077
1783,1037,1347594898
1783,911,1343601699
1783,1817,1347922882
1783,2260,1344058465
1783,1177,1343196308
1783,2710,1345869333
1783,2508,1345143563
1783,3144,1344410673
1783,3407,1343288078
1783,2269,1347970922
1783,3378,1344371298
1783,673,1347922294
1783,1406,1347175030
1783,2735,1347935551
1783,2373,1344078079
1783,2738,1343452686
1783,1170,1344240970
1783,1784,1342964551
1783,2089,1343362617
1783,1656,1343636263
1783,601,1347918874
1783,2562,1347783650
1783,2639,1343528092
1783,198,1344116879
1783,1896,1347883583
1783,3538,1346676878
1783,2237,1347950731
1783,89,1344292982
1783,2248,1347925291
1783,1146,1344145253
1783,2813,1343783263
1783,1696,1345591626
1783,1625,1344402406
1783,1815,1343648872
1783,219,1346580821
1783,2544,1343764586
1783,1531,1346208667
1783,3530,1343098846
1783,3529,1347933716
1783,3366,1345149096
1783,1779,1343029714
1783,1104,1343204111
1783,1736,1344736091
1783,1458,1343559060
1783,2904,1345687649
1783,1633,1343537008
1783,1605,1347639362
1783,2394,1345955673
1783,1215,1343033486
1783,458,1346242501
1783,1930,1346475179
1783,3422,1343436421
1783,3409,1345107116
1783,748,1343912974
1783,2039,1345209343
1783,1895,1347663304
1783,2245,1342995558
1783,1627,1343540832
1783,1418,1343536068
1783,361,1345539860
1783,2897,1347932982
1783,1281,1347880999
1783,2052,1346218951
1783,3411,1343721047
1783,975,1347918797
1783,1166,1346559792
1783,3286,1346166019
1783,3511,1347934623
1783,485,1345969228
1783,1464,1343630696
1783,795,1343221598
1783,3235,1346811072
1783,3178,1344130739
1783,2031,1346855093
1783,1863,1343351001
1783,3190,1345518662
1783,2585,1343718860
1783,147,1342928416
1783,1120,1342962067
1783,3400,1345419652
1783,962,1343519729
1783,1879,1346674834
1783,2573,1344059397
1783,1388,1347933185
1783,676,1346671689
1783,3498,1347635698
1783,101,1343202119
1783,3193,1344740444
1783,1955,1345766267
1783,217,1342980464
1783,1156,1345942098
1783,976,1343103105
1783,2756,1344061999
1783,1103,1347838591
1783,2966,1344745076
1783,519,1344734007
1783,2370,1344390008
1783,425,1344245952
1783,2753,1346527559
1783,359,1343667125
1783,307,1347787249
1783,1595,1343606823
1783,2915,1346027719
1783,2417,1345411629
1783,2176,1344283386
1783,2983,1346281954
1783,1092,1347922993
1783,1841,1346595423
1783,1807,1346486372
1783,662,1343119995
1783,937,1344293516
1783,1493,1347904977
1783,1315,1345614715
1783,1360,1343714886
1783,2320,1344806153
1783,560,1344371929
1783,2744,1346557567
1783,2008,1343523216
1783,2969,1345494194
1783,1342,1345637131
1783,843,1346027739
1783,3479,1342940639
1783,1949,1342913564
1783,3507,1347955992
1783,950,1345658816
1783,3010,1345514688
1783,2848,1346387394
1783,2816,1342935511
1783,3157,1343182667
1783,650,1346220280
1783,3263,1346845550
1783,1326,1345673825
1783,2916,1347511941
1783,1658,1345811530
1783,3090,1344407827
1783,3512,1345693405
1783,2132,1343866593
1783,2137,1347793524
1783,256,1347935810
1783,2768,1345717494
1783,2545,1347788373
1783,2832,1343258485
1783,153,1344379462
1783,1630,1346462514
1783,3230,1347625703
1783,3027,1343290583
1783,2227,1345690059
1783,2427,1343034062
1783,3379,1347919171
1783,3395,1343086550
1783,1700,1346548440
1783,1869,1345771314
1783,1201,1346772905
1783,3471,1347963026
1783,2626,1345943470
1783,2749,1345899696
1783,1597,1346816754
1783,1416,1343036945
1783,1892,1343205336
1783,374,1344765085
1783,1765,1347913571
1783,1509,1344286471
1783,3399,1347063493
1783,389,1345245806
1783,423,1344245229
1783,187,1347356030
1783,916,1347949530
1783,70,1347938728
1783,1659,1342935297
1783,1887,1343702944
1783,1542,1343105857
1783,2839,1345846614
1783,1719,1343275093
1783,2267,1345406285
1783,1282,1344064122
1783,3228,1345373714
1783,1989,1343601572
1783,1733,1343275682
1783,2682,1342924006
1783,2681,1342924289
1783,2020,1342925516
1783,3579,1342925906
1783,3097,1342926603
1783,2266,1343070446
1783,614,1342926929
1783,510,1342929782
1783,2197,1342930269
1783,678,1344231528
1783,3542,1342931728
1783,3557,1342933410
1783,3607,1347786493
1783,1505,1342935465
1783,868,1342941519
1783,3447,1343466708
1783,1946,1342961628
1783,2661,1345251631
1783,579,1342997067
1783,77,1343975739
1783,3022,1345784424
1783,1352,1344223989
1783,55,1343026217
1783,2152,1343031252
1783,3452,1347940185
1783,2049,1343035792
1783,394,1343047247
1783,643,1343063493
1783,2423,1343278087
1783,340,1343084103
1783,1473,1343121646
1783,3211,1347888007
1783,2406,1343611373
1783,3343,1344744865
1783,1337,1343452972
1783,2270,1343816879
1783,1703,1343214109
1783,1374,1345411710
1783,1510,1347170684
1783,103,1346839404
1783,2190,1345275042
1783,1893,1344055869
1783,2150,1345526284
1783,1138,1347883428
1783,865,1343712914
1783,1522,1343290437
1783,1115,1343342234
1783,275,1343794464
1783,2475,1347919425
1783,641,1343648641
1783,1511,1347832690
1783,1806,1343819997
1783,3539,1343375640
1783,130,1343382838
1783,992,1347923494
1783,1228,1343452920
1783,2396,1343463566
1783,3058,1343470014
1783,2313,1343478349
1783,3351,1345975661
1783,1514,1346127244
1783,64,1343533175
1783,2778,1343648275
1783,204,1343590650
1783,3142,1345385724
1783,1537,1343605726
1783,1845,1343606069
1783,1042,1343610216
1783,1438,1343709462
1783,1684,1344235142
1783,3472,1347160102
1783,22,1344037981
1783,2767,1343639744
1783,27,1343647746
1783,2976,1343651925
1783,3323,1343653051
1783,887,1344135851
1783,2094,1343695594
1783,985,1347941391
1783,105,1343701257
1783,1077,1343702874
1783,1389,1343709747
1783,2871,1347835607
1783,2874,1346690340
1783,2006,1347863964
1783,453,1343766280
1783,254,1343778749
1783,2998,1344057612
1783,3003,1343797623
1783,1804,1347948149
1783,1709,1343819725
1783,479,1343826370
1783,164,1347788083
1783,437,1345867336
1783,693,1346676883
1783,3449,1344403438
1783,3016,1344687141
1783,2572,1345151175
1783,379,1347868782
1783,3045,1343945375
1783,3007,1343962781
1783,2822,1343963153
1783,1168,1343974887
1783,74,1347921472
1783,1715,1346482929
1783,3059,1347270296
1783,1831,1344235567
1783,1929,1344805838
1783,1793,1344037911
1783,129,1346807867
1783,1052,1344043205
1783,832,1346800479
1783,1012,1345633971
1783,2010,1347938552
1783,2587,1344056874
1783,2473,1344057598
1783,1447,1344057629
1783,1446,1344057632
1783,2334,1344057954
1783,3029,1344058287
1783,3258,1344058673
1783,686,1344058952
1783,1952,1344059288
1783,979,1344059617
1783,524,1344059756
1783,2337,1344060584
1783,2338,1344060674
1783,2307,1344062690
1783,2306,1344062904
1783,184,1344063821
1783,1445,1344065872
1783,1444,1344066246
1783,2781,1344231747
1783,1889,1344763135
1783,633,1344137694
1783,754,1344138028
1783,3304,1344138162
1783,1439,1346018670
1783,3394,1344139607
1783,624,1344141664
1783,2579,1344145664
1783,1412,1344146078
1783,1860,1346809063
1783,3462,1345797717
1783,271,1346540985
1783,2891,1344287319
1783,2297,1344209033
1783,2547,1346807870
1783,584,1347872685
1783,3337,1346602930
1783,2895,1344294109
1783,980,1345270208
1783,2733,1345521607
1783,535,1345281930
1783,1838,1344315775
1783,2482,1344318237
1783,3269,1344321691
1783,1318,1344320154
1783,1790,1344394873
1783,2648,1345245781
1783,237,1344396118
1783,2640,1344395460
1783,2555,1344396384
1783,1770,1344396947
1783,3088,1344400998
1783,741,1344401166
1783,509,1344423878
1783,499,1346050042
1783,502,1345790801
1783,1285,1344784962
1783,1408,1344675557
1783,2968,1344675853
1783,2759,1345705949
1783,468,1344680577
1783,2366,1347918584
1783,2939,1344720291
1783,2291,1345385510
1783,1055,1344735960
1783,3393,1344736526
1783,2651,1344737883
1783,1769,1344743721
1783,1786,1344741468
1783,2175,1344744522
1783,1607,1344751035
1783,562,1347352568
1783,1798,1344763262
1783,729,1347910756
1783,2711,1344770061
1783,1238,1347946878
1783,2840,1346626350
1783,2252,1345105952
1783,1525,1345105995
1783,3195,1345106106
1783,970,1345413618
1783,464,1345693455
1783,839,1347699241
1783,3025,1345114512
1783,2383,1345115096
1783,3001,1345116982
1783,1474,1345405265
1783,35,1345151453
1783,416,1346027574
1783,40,1346733682
1783,2408,1345973830
1783,736,1346023067
1783,1673,1345210790
1783,1006,1347666801
1783,2056,1345252335
1783,3276,1345254299
1783,539,1345255013
1783,1691,1345255390
1783,1068,1345463493
1783,2699,1345262145
1783,2324,1347790833
1783,2689,1345584998
1783,903,1345274350
1783,195,1345274498
1783,277,1345281243
1783,3532,1345411356
1783,308,1345508342
1783,3575,1345429958
1783,1974,1347948087
1783,1035,1345495176
1783,3589,1345386624
1783,2288,1347770388
1783,1623,1345351002
1783,44,1345636025
1783,1977,1345385740
1783,2426,1346873204
1783,1979,1345391120
1783,2531,1345392859
1783,1448,1346482379
1783,3155,1346015619
1783,1776,1345412694
1783,1962,1345418497
1783,2447,1345421273
1783,1079,1345429512
1783,2481,1345431508
1783,1890,1345431943
1783,988,1345435485
1783,1202,1346281044
1783,541,1345436387
1783,2766,1345980471
1783,2206,1345720708
1783,3329,1345453371
1783,587,1345467142
1783,537,1345504231
1783,1031,1347921563
1783,288,1345509094
1783,1148,1345516969
1783,1390,1345516975
1783,1334,1347893498
1783,896,1345516975
1783,688,1345522141
1783,2949,1345536181
1783,684,1345538817
1783,779,1347952767
1783,150,1345588395
1783,2581,1345589572
1783,261,1345596232
1783,842,1345607554
1783,2582,1345607772
1783,1176,1346716449
1783,3554,1347689949
1783,1346,1345693439
1783,2215,1345697864
1783,1145,1345868049
1783,3370,1347860008
1783,3455,1345717291
1783,2845,1347884870
1783,1951,1347174206
1783,2103,1346676711
1783,1602,1345735870
1783,3035,1347912001
1783,1371,1346891005
1783,2211,1345790069
1783,306,1347178497
1783,1549,1345791073
1783,61,1345900137
1783,2378,1347934803
1783,2468,1345857946
1783,636,1345861959
1783,2727,1345867918
1783,402,1345868104
1783,99,1345898621
1783,1621,1345868920
1783,1921,1345869038
1783,1713,1345883076
1783,2856,1345946056
1783,2386,1346539693
1783,2274,1345898989
1783,2956,1345899332
1783,895,1345900214
1783,2365,1347963675
1783,1033,1345905081
1783,1754,1345924502
1783,2192,1345928381
1783,2123,1345931741
1783,957,1345962443
1783,2636,1346029557
1783,2241,1346862990
1783,2353,1347395414
1783,1940,1346023427
1783,2730,1346025897
1783,1064,1346026333
1783,2000,1347770084
1783,782,1346027547
1783,3066,1346027572
1783,3497,1347936214
1783,3119,1346133756
1783,342,1347998697
1783,132,1347940587
1783,1650,1347909282
1783,2244,1346290045
1783,3239,1347176908
1783,2437,1347858024
1783,2502,1346123169
1783,1936,1347937618
1783,3306,1347944587
1783,2614,1347928429
1783,3259,1346209370
1783,3173,1346471796
1783,1981,1346224020
1783,1212,1347723851
1783,1665,1347935470
1783,1218,1346248251
1783,2226,1347943494
1783,2253,1347968796
1783,2496,1346378614
1783,2296,1346883393
1783,2064,1347940979
1783,411,1347704114
1783,1312,1346449723
1783,68,1346470067
1783,3332,1346476415
1783,1185,1346538566
1783,1303,1346565367
1783,3416,1346577765
1783,1489,1347937044
1783,67,1347938154
1783,347,1346731418
1783,1095,1347924628
1783,3213,1347682380
1783,1868,1346706240
1783,940,1347875327
1783,1451,1347666015
1783,2791,1346807137
1783,1311,1346808676
1783,3033,1346809804
1783,2220,1346810710
1783,1588,1346812755
1783,3107,1346814306
1783,80,1346816177
1783,2707,1346817183
1783,179,1347915634
1783,2409,1346823577
1783,1220,1346823978
1783,1048,1346837779
1783,694,1346892582
1783,229,1347939712
1783,6,1346901649
1783,1909,1346910620
1783,92,1346924334
1783,1908,1347928605
1783,1874,1347594606
1783,2256,1346941177
1783,1289,1347312165
1783,2729,1346951306
1783,3487,1347395524
1783,2868,1347915795
1783,3236,1347022940
1783,586,1347797196
1783,1693,1347711843
1783,1011,1347738761
1783,656,1347868138
1783,2988,1347092398
1783,2721,1347528827
1783,778,1347109880
1783,2029,1347937040
1783,3355,1347939748
1783,2400,1347155653
1783,2533,1347156350
1783,3293,1347173665
1783,269,1347182460
1783,3439,1347235348
1783,3171,1347261074
1783,3172,1347261122
1783,317,1347268928
1783,344,1347275118
1783,1232,1347929580
1783,891,1347416260
1783,707,1347935011
1783,1310,1347791180
1783,2011,1347506182
1783,1066,1347509489
1783,761,1347942170
1783,2811,1347525824
1783,1748,1347937939
1783,815,1347973202
1783,1741,1347591592
1783,928,1347945706
1783,1049,1347922373
1783,918,1347696197
1783,1279,1347634467
1783,1897,1347635782
1783,1333,1347637249
1783,713,1347637492
1783,2458,1347654398
1783,2393,1347654143
1783,1515,1347657224
1783,2788,1347925674
1783,2238,1347939948
1783,2706,1347672354
1783,63,1347679228
1783,628,1347685935
1783,2146,1347712262
1783,1927,1347713575
1783,1925,1347713681
1783,2958,1347746254
1783,2755,1347751912
1783,2903,1347754885
1783,547,1347783712
1783,574,1347916614
1783,2422,1347939908
1783,2013,1347794054
1783,2229,1347795071
1783,1723,1347833706
1783,1911,1347834463
1783,646,1347842505
1783,3605,1347845002
1783,136,1347918905
1783,719,1347859770
1783,3222,1347912319
1783,1399,1347877859
1783,1792,1347879553
1783,120,1347885527
1783,1356,1347886944
1783,2280,1347891767
1783,927,1347910078
1783,240,1347910075
1783,952,1347912894
1783,2801,1347916795
1783,833,1347914854
1783,844,1347916608
1783,3315,1347918058
1783,3061,1347917204
1783,3582,1347917342
1783,551,1347917654
1783,2760,1347924285
1783,3048,1347921039
1783,2131,1347921453
1783,710,1347922450
1783,445,1347924254
1783,2560,1347927055
1783,3381,1347927063
1783,1402,1347943567
1783,874,1347929827
1783,3458,1347930278
1783,3454,1347960414
1783,2431,1347936597
1783,2603,1347935930
1783,3290,1347936073
1783,597,1347936378
1783,65,1347936855
1783,993,1347936784
1783,3414,1347936829
1783,2911,1347936911
1783,2671,1347936938
1783,3453,1347937134
1783,3210,1347938376
1783,565,1347938739
1783,1113,1347939507
1783,753,1347939683
1783,1484,1347939717
1783,1865,1347940295
1783,1842,1347940458
1783,1160,1347940463
1783,1081,1347940611
1783,454,1347940963
1783,1712,1347941277
1783,2445,1347942819
1783,257,1347942875
1783,3203,1347943182
1783,690,1347943493
1783,16,1347944038
1783,2387,1347944324
1783,2970,1347944382
1783,1271,1347944756
1783,2909,1347945557
1783,742,1347946348
1783,1268,1347946580
1783,1193,1347946944
1783,2649,1347949072
1783,2557,1347958166
1783,2376,1347962936
1783,1706,1347965223
1783,1697,1347973671
1783,28,1347998186
1783,3071,1347998901
1783,413,1348011084
1783,412,1348010847
1783,3358,1348014323
1783,2658,1348020692
1783,2680,1348021168
1783,1764,1348021839
1783,2594,1348032741
2287,1783,1343641567
1992,1783,1346019484
1992,2185,1346019474
3403,1361,1347948755
3403,756,1347950801
1358,1783,1342921654
740,1783,1347915171
355,704,1347921124
355,2948,1347920451
355,1783,1347920223
355,1541,1347920529
355,1839,1347920754
3068,143,1347916660
1433,933,1346189466
1453,133,1347789419
1453,915,1347893494
1453,3377,1345247035
1453,2442,1345519960
1453,1133,1343028641
1453,460,1343525290
1453,3064,1343707440
1397,2748,1345214209
1397,1758,1343711395
1397,2891,1344287497
3127,2561,1343202733
3127,900,1343221410
1550,473,1347834865
1419,1783,1347609500
1663,1088,1346341941
3330,1783,1347620044
3267,1785,1347714547
3267,1133,1345414127
95,2677,1347886667
1459,1783,1347883704
2380,1783,1346911779
691,1783,1345974255
2542,2232,1348047846
1848,2511,1343528733
278,789,1347925607
920,773,1347741448
580,1133,1347185334
3151,1810,1347704322
473,3064,1343698803
276,117,1343202578
276,2165,1343202746
276,930,1343200659
276,2554,1343202533
276,39,1343200796
276,2356,1343457042
2258,1783,1347924982
2067,953,1347681336
1159,183,1347855560
1159,1783,1347723049
1159,1857,1346636101
1159,512,1346832845
1159,2777,1343190320
1159,1391,1347953116
1159,3047,1343701047
1937,1783,1346636760
1613,2751,1347887076
2616,1783,1343024538
3272,1783,1344806121
3322,3491,1347894285
3322,1241,1347160316
3322,1336,1347160892
3322,2878,1347160065
2999,1783,1344054309
2590,2782,1343562756
1235,1783,1343022744
1235,2784,1343023013
1235,126,1343857414
1235,1225,1343857570
1102,1783,1344762854
2833,1783,1345967505
1336,2311,1347881520
466,720,1347867520
3227,2138,1346851458
2667,1783,1347918694
3169,1161,1346835157
1950,1783,1343103384
2720,1783,1343017623
3336,1783,1347967524
2722,1783,1346911173
131,1783,1344118158
1091,1133,1343541834
433,1783,1343629289
2217,1735,1348020283
3319,2170,1347884451
2167,1093,1347919845
2609,1714,1347921688
2609,260,1347932651
469,764,1343110911
1269,1783,1343064503
1407,2411,1347747130
1407,1783,1347746635
1382,1914,1347966974
1382,2079,1347964729
1382,2770,1346161182
1382,1504,1347964999
2344,1783,1347365335
259,1783,1343274457
259,2694,1346850275
2709,512,1345537671
2004,1783,1343291180
3247,581,1346046111
3247,1899,1346046739
571,1783,1343271976
571,111,1347503807
571,2309,1347503788
822,491,1346496547
2650,661,1344242026
2650,2615,1344234409
2650,2352,1344234339
2650,1684,1344234832
3067,1783,1343106860
1671,85,1346638974
1856,3006,1347883729
1856,2747,1347886296
700,1336,1347912409
700,3500,1347912558
700,2653,1347912542
1694,1783,1347852365
1686,1970,1347936273
2577,1783,1344131075
764,1785,1343111001
1297,1783,1343858066
522,1783,1343108455
1061,1783,1343296201
128,2367,1343518224
1972,1783,1346293780
2066,1783,1344785840
447,1069,1347771742
1820,1783,1347945256
2028,1702,1343301065
1133,3177,1345421195
1133,1783,1343117213
1133,1785,1343550384
1133,2731,1343975228
1133,1128,1343026956
1133,267,1343696932
1133,3043,1343696461
1231,1783,1344392772
331,1261,1347961506
2511,1783,1347619807
2511,848,1343588398
2511,48,1343635975
632,1783,1347915520
194,1783,1345975533
194,287,1347862621
2271,1783,1347803238
3253,397,1344054368
3253,1062,1347959822
3253,205,1345692030
3253,95,1347959845
3253,2662,1347930861
3253,677,1347931536
3253,3604,1347930674
3253,260,1347933158
3253,3549,1347930949
3253,1898,1347931111
3253,775,1344040639
3253,2239,1344062491
3253,751,1347930979
3253,3547,1347931639
3253,486,1345689876
3253,472,1347930623
293,1783,1344726993
2565,1517,1347939194
2565,212,1347931183
191,2973,1347623689
512,2672,1346807504
512,492,1347095623
512,1783,1347713973
512,1701,1343189242
512,2012,1347755909
3435,1728,1346469528
2774,1783,1347941787
3500,2600,1347949711
368,1783,1347932116
733,1783,1344745473
2346,1382,1347064736
1293,1783,1344804359
1738,2644,1346547418
2548,1133,1343031872
1026,183,1347910567
1026,3444,1347910339
135,3128,1347353259
135,39,1347768986
135,1788,1347416993
135,2935,1347771596
135,1997,1347417079
135,2075,1347935402
1191,1783,1344726462
1191,2277,1345947517
1555,2901,1346563095
1557,1783,1343191388
3152,1783,1344406744
3384,1783,1347830268
1139,2068,1343533975
1139,759,1343535292
2262,2413,1348016585
2262,2095,1344424761
2262,3515,1344759685
2262,1361,1344737436
2262,2583,1345522641
2262,303,1346380209
2262,2864,1346380316
2262,3208,1348017324
2262,364,1344382076
3054,1783,1346637023
3054,2953,1345536240
648,1783,1343027742
2611,2390,1347809022
2611,1783,1346488011
2611,1069,1346488096
2611,1013,1346635094
2611,3002,1347829789
2611,953,1346493730
1221,2746,1347761847
1221,512,1347713898
1221,1620,1347912063
1221,1633,1347713719
1221,2733,1347755771
455,3191,1345954979
2221,1783,1343709786
2221,1383,1343061601
1022,1783,1347859957
1877,1783,1345389491
2453,1783,1343107776
617,1783,1345147259
1417,1783,1347928346
1685,1783,1346762739
1762,3336,1347926641
1527,220,1346723589
1527,2691,1346724682
2073,1283,1346976989
2073,1783,1346968948
2073,2773,1346969019
2073,2429,1347925075
2073,142,1346973710
439,3382,1346197975
439,39,1347949400
398,76,1346482628
2584,1783,1347932419
2820,1783,1342935798
2820,2501,1346118439
2264,1783,1346543535
2947,1783,1347632421
432,1857,1347927185
847,1783,1343631419
186,1783,1345857746
846,1783,1346031923
3111,1067,1344059994
3111,2266,1344396817
2207,1133,1347270659
148,2815,1346810966
148,2168,1345976063
148,1783,1347171936
148,3064,1345978024
148,3546,1345976032
1567,237,1347854833
1316,1783,1347926211
2305,702,1346123558
2305,2147,1347699839
2087,2087,1344217228
2087,1084,1344406039
1600,1767,1346650227
1304,1783,1347928331
1122,98,1347449824
1122,1783,1347449776
1122,366,1347452907
1122,3500,1347450339
1122,3517,1347451849
2789,315,1347908334
848,1783,1343543052
848,2740,1343614824
2208,622,1347144921
1565,3197,1345447716
2842,1783,1347935078
781,112,1345206155
2866,1889,1345468411
1662,1783,1347894947
146,1494,1345899672
146,1783,1343542085
146,1110,1344145676
146,1530,1343376863
146,848,1345141085
146,1260,1344806561
1528,1783,1346161844
1528,3382,1346162286
1528,697,1345813350
1528,1533,1343197141
1513,1783,1343204867
2019,1124,1346331249
2019,1783,1346331049
2156,1336,1347882918
1517,3083,1347711150
1240,573,1345640562
1240,899,1345641135
3009,1783,1347968260
998,1783,1343975697
2277,1191,1345947407
2664,1783,1347415212
2141,1783,1343004402
657,1783,1346674719
2703,2607,1343255675
1096,1169,1344341472
1096,2470,1344295202
1096,457,1344295810
1096,2967,1344302300
1096,354,1344296400
1096,2914,1344294552
1096,2935,1344294679
2308,1783,1348021538
2182,1783,1343852283
2591,1783,1347698505
1986,287,1345955776
1746,1783,1342936165
291,1783,1344745938
1332,2574,1347941509
1364,1261,1347961492
1364,3086,1347965577
3163,1783,1347885037
682,1783,1342916324
682,3109,1342917777
2819,2700,1347767204
1812,489,1347961424
1812,2677,1346242280
1812,512,1347590795
3026,1783,1343130604
3295,1783,1344763366
3081,1606,1345554974
491,2462,1346498083
491,1783,1346034849
491,2405,1345942998
491,2959,1346495242
2349,237,1346071686
2225,247,1345601584
3587,1919,1347886721
3587,1210,1347886701
2981,1783,1345601020
2057,1783,1344390417
2777,1306,1345636136
2777,1783,1347596937
2777,2770,1343188548
2415,1783,1345779593
3563,1783,1344744526
174,938,1343644092
174,3169,1343641874
1526,1069,1347884998
1901,2611,1347658491
2793,1783,1345238895
427,1783,1347871326
1878,1783,1343097926
1710,1783,1343908122
1755,1783,1347868517
3256,1783,1345924866
1151,2655,1346343483
1151,1783,1346310401
1151,723,1347693596
1151,1329,1347932720
1151,2953,1343177526
1151,2685,1347869680
1151,2012,1347496913
1151,577,1347933734
3132,488,1345405716
3132,1765,1345406091
1116,315,1347966797
1116,1652,1347967122
1116,2770,1347981501
1116,1630,1347966947
1116,2692,1347966760
2880,1350,1345803243
3457,1783,1343120115
2108,1783,1343117087
3398,3322,1347165700
2350,228,1343003751
2350,1643,1343273209
2350,1783,1343296570
2350,3322,1343272193
2350,811,1343047698
2350,2900,1343381728
2350,471,1343277516
2350,3404,1346248198
2350,1701,1343272235
2350,1779,1343265455
2350,3084,1343276057
2350,2700,1343630651
3499,801,1347164626
2751,1783,1343198575
2510,1783,1347673252
2528,1783,1347867093
732,1661,1347941632
732,3376,1347941118
732,3221,1347943980
19,1783,1348020525
19,2217,1348020266
3594,1783,1345927454
665,1783,1345883552
1773,1783,1347884371
1773,1521,1347878028
1773,696,1347835797
1773,720,1347847004
1773,1655,1347910749
1616,1783,1343823968
3558,3397,1346813213
3558,2266,1346813193
1020,1091,1343823230
1020,1458,1343823552
3456,2168,1345976057
3456,520,1345977240
2724,1783,1347619578
654,3215,1347879412
1,1783,1345420110
3199,1783,1347856424
1008,1783,1344246173
2429,3442,1346217822
79,1783,1345259114
316,2301,1344422941
316,1783,1342919511
316,625,1343901628
316,1277,1347093772
316,2802,1346585567
316,3191,1347092249
2521,1783,1347754903
3209,1783,1346886544
2740,2723,1343610725
2740,1633,1343609781
1015,3218,1347782190
3226,385,1347923583
3226,1252,1347924592
3226,1023,1347923473
3226,2452,1347924404
2401,1783,1347314354
1341,1783,1343702805
287,705,1347920561
287,60,1347842661
287,385,1346111842
287,3060,1343520154
287,3583,1347838934
287,605,1343523054
287,2235,1345952707
287,2048,1345956691
287,3085,1343520520
287,752,1346302585
287,3573,1347844839
287,1589,1345957898
287,496,1346049590
287,1783,1345955479
287,118,1343197396
287,864,1346635677
287,3087,1347921309
287,2890,1347939510
287,819,1347861456
287,29,1346634104
287,1329,1347784268
287,1582,1347863113
287,341,1346040944
287,848,1346115702
287,703,1346049028
287,2265,1347833881
287,2580,1346813897
287,2561,1346114656
287,953,1346235032
287,1161,1346049843
287,2219,1343191997
287,2536,1343525817
287,720,1347847422
287,3278,1343519218
287,2261,1343203324
287,3200,1346215671
287,3191,1343519555
287,75,1347880007
287,2639,1346042487
287,1779,1346232104
287,2904,1346054719
287,2744,1346111471
287,2339,1347856525
287,437,1343920864
287,2437,1346119450
287,419,1346837382
287,1908,1346926201
1850,1783,1344057422
421,2561,1345983833
3275,1084,1344406031
2069,1783,1347930344
2069,314,1347958423
3246,1783,1344230168
2362,1783,1345902290
953,1783,1347414625
1832,1783,1346928734
1161,1783,1344744992
1161,2611,1346635688
2115,1783,1343095016
3004,431,1347871599
3004,3039,1347752818
3004,3207,1347754201
3004,2341,1347753235
3004,1949,1343182360
3004,25,1343178023
2170,1915,1347885061
2170,1783,1347884360
2718,2837,1347947946
2973,1133,1347634760
1353,1783,1345200270
2583,1783,1345567320
1667,1783,1346539574
422,2782,1345963821
2332,1783,1347888822
1782,1783,1346016541
1782,281,1345255021
43,3459,1347834613
3595,2820,1346569244
2782,1272,1343562781
2782,715,1343563465
2782,2266,1343589682
2317,480,1346747345
97,106,1343037091
2586,399,1347625727
2586,3412,1347634407
1730,1783,1346898750
3602,1783,1346845415
1369,1783,1345869416
530,1783,1345598455
3042,1783,1347414360
38,1681,1344036611
38,433,1344027859
38,171,1344027697
262,779,1347791710
2249,1783,1345370119
2027,1783,1347667140
963,1783,1346808364
1592,1783,1343263734
3569,1783,1346148602
720,3504,1347848234
720,1135,1347847882
157,1783,1343098586
837,1783,1346543250
800,1783,1344324754
1385,1783,1344042275
266,1783,1344292504
142,1583,1347832701
984,1728,1345446961
984,1783,1345443705
655,1783,1344037701
3597,119,1347063679
3597,426,1347830066
899,1514,1343868441
448,1783,1346385053
1777,1783,1343339405
1777,841,1343456350
2765,1783,1343050238
871,1783,1343940113
1295,1783,1347625965
603,1783,1346555868
589,1783,1347148220
3179,385,1347950022
3179,301,1347783943
3179,3099,1346135660
3179,2700,1347955454
2928,1783,1346764737
3200,2772,1345404436
2653,3312,1347920910
2653,1372,1347920585
3533,1783,1343024031
299,3109,1345553696
2642,1783,1345264069
1328,1783,1344210249
2853,1783,1343026338
2883,1783,1345520837
424,1676,1346806305
897,1783,1345693605
1679,1783,1346695297
3145,1783,1343519995
2158,3160,1348013926
2630,1783,1347939576
149,1783,1344749284
2373,1783,1343851544
76,1361,1346637672
588,848,1346923480
1109,1783,1343648036
3410,1783,1347174486
3422,1783,1345267797
126,2025,1343857879
126,3176,1343856992
1609,1783,1343104320
1895,1783,1345868541
1290,1783,1342954261
840,3485,1344396831
840,1783,1346481637
1672,1783,1347416749
1437,1783,1347803428
808,1783,1343259869
2931,3585,1343005997
2931,953,1343366074
2113,1783,1343864264
2763,2838,1347895195
2700,717,1347686993
1103,1783,1343532339
3011,1783,1347911510
1750,2301,1346025352
383,1783,1342941301
1301,3359,1345443040
1301,1783,1343798228
2937,1783,1348004193
607,1783,1342941551
1348,1799,1347926498
3167,1783,1343111119
387,1783,1345924523
3113,1783,1343090719
2792,1783,1347900237
2008,3204,1346855654
2916,1783,1345877549
1335,3150,1346048803
1335,2938,1346049476
3469,1783,1347707102
3444,2517,1347833724
241,1783,1347947743
1509,1783,1343641012
1509,3169,1343643177
1509,1161,1345930998
1430,1783,1343129922
9,1783,1344787589
1542,1783,1343920473
2961,1783,1343116828
2012,1783,1343555061
2012,2208,1343555327
2012,2012,1347754235
663,1783,1342916920
2266,1652,1346827784
2266,3373,1346824797
2266,3111,1344393513
2162,1783,1343004168
3022,1618,1347957911
2761,981,1343022125
2761,2561,1343022026
1373,1783,1343028077
3475,1783,1345251250
1576,1782,1343049175
1988,648,1343081924
1976,1988,1343082098
3528,1783,1343091708
1559,1783,1343107662
1566,491,1346496801
53,1783,1344759872
3211,1783,1343521790
3116,1783,1343184491
610,913,1343220017
610,2613,1343223647
610,276,1343219201
610,2144,1343242061
2124,1783,1347944550
2124,3319,1347945345
180,2134,1343357115
180,1835,1343341666
3434,1783,1343590296
1995,1397,1346211704
1995,743,1346211509
2430,1783,1343910347
7,1783,1346539949
770,1783,1343545675
1438,2043,1347923243
2310,1783,1343630351
3526,1783,1343639602
1414,1783,1347941123
3043,1812,1345963073
2874,2803,1347951853
2874,39,1347952078
2874,2695,1347935585
1504,1382,1347964704
3408,1783,1347884799
1568,1783,1343919352
1674,1783,1344059536
1889,233,1345492320
728,1783,1345353002
1968,3057,1347916204
687,1783,1344326123
3460,1783,1344394424
237,3388,1347185522
237,2559,1347186339
2139,1783,1344407214
91,2262,1344415463
1760,1783,1344418312
2142,1783,1344748897
838,1783,1345113785
922,2638,1345123790
922,2155,1345127388
922,921,1345125852
525,1783,1345143220
2086,1995,1346236199
743,1783,1345267690
2834,1783,1347155559
772,1783,1345371000
1657,1783,1345385004
1978,1783,1345433003
1805,1783,1345449618
3077,1783,1345456768
333,1783,1345457909
1836,1783,1345486207
8,1783,1345519746
8,3433,1345570321
1123,1783,1345553804
3392,1783,1346539420
3038,1886,1345613717
3038,1237,1345608636
3038,1230,1345883041
3038,1339,1345607414
1664,1783,1347512386
2363,1783,1345685236
102,1783,1345738450
3423,1783,1345898443
1529,2301,1347917379
545,2820,1346121819
3183,1783,1346151049
1721,2038,1347495667
3241,1783,1347829957
2371,1783,1347164668
2398,3215,1347875996
1891,581,1347913453
627,1783,1346611956
380,1783,1347923908
3297,1783,1346756557
1827,1783,1346761235
2769,1783,1347929065
1002,1783,1347021139
2988,1783,1347092404
203,1783,1347170378
1543,1783,1347185808
3186,494,1347739863
2278,134,1348032248
2696,1783,1347918839
2798,2510,1347672770
2136,3336,1347706176
1926,1783,1347712555
695,1783,1347714811
141,1783,1347758889
1276,1069,1347805806
1276,249,1347805860
902,1783,1347844691
912,1783,1347866379
200,1783,1347881180
3091,1783,1347884711
1495,1783,1347901455
2033,1783,1347918288
1197,1783,1347922776
3100,1783,1347924361
2016,1783,1347925958
2399,1867,1347929187
786,1783,1347931136
1076,1783,1347934299
3133,1783,1347934824
2357,1783,1347935629
1900,3500,1347936348
3012,1783,1347937228
3566,1783,1347937915
1743,1783,1347947544
375,1783,1347950862
375,611,1347950945
2526,1783,1347956393
319,1783,1347969467
3117,1783,1347973232
